((("Ma" .
   [1 0])
  ("kc" .
   [1 1])
  ("out" .
   [1 0 0])
  ("nonumber" .
   [1 0 0 0 1 0 0 0])
  ("htbp" .
   [1 0 0 0])
  ("figure" .
   [2 0 0 0 0 0])
  ("fig2" .
   [1 0 0 0])
  ("subsection" .
   [1 0 0 0 0 0 0 0 0 0])
  ("delta" .
   [1 0 0 0 1])
  ("braket" .
   [1 0 0 5 2 1])
  ("ldz" .
   [1 0 0])
  ("ldq" .
   [1 0 0])
  ("kd" .
   [1 0])
  ("w" .
   [8])
  ("lapack_int" .
   [0 0 0 0 3 0 2 0 0 2])
  ("z" .
   [2])
  ("dcomplex" .
   [3 0 0 0 0 0 1 0])
  ("ldab" .
   [2 0 1 2])
  ("n" .
   [2])
  ("info" .
   [1 0 0 0])
  ("(double pro_dmu, variable &v)" .
   [0 0 0 0 0 0 0 0 0 0 0 0 0 0 0 0 0 0 0 0 0 0 0 0 0 0 0 0 1])
  ("output_P" .
   [0 0 0 0 0 0 1 0])
  ("(" .
   [1])
  ("terminate_handler" .
   [0 0 1 0 0 0 0 0 0 0 0 0 0 0 0 0 0])
  ("P" .
   [2])
  ("ab" .
   [8 2])
  ("Nq" .
   [20 10])
  ("vu" .
   [0 1])
  ("vl" .
   [1 0])
  ("zeromode_equation" .
   [0 0 1 0 0 0 0 0 0 0 0 0 0 0 0 0 0])
  ("(variable &v)" .
   [0 0 0 0 0 0 0 0 0 0 0 0 3])
  ("(basic_ostream<_CharT, _Traits> &__os)" .
   [0 0 0 0 0 0 0 0 0 0 0 0 0 0 0 0 0 0 0 0 0 0 0 0 0 0 0 0 0 0 0 0 0 0 0 0 0 2])
  ("dmu" .
   [5 1 1])
  ("mm" .
   [11 0])
  ("dq" .
   [1 0])
  ("E" .
   [1])
  ("D" .
   [1])
  ("C" .
   [1])
  ("A" .
   [1])
  ("B" .
   [1])
  ("x" .
   [2])
  ("var" .
   [7 0 0])
  ("(double a, variable &v)" .
   [0 0 0 0 0 0 0 0 0 0 0 0 0 0 0 0 0 0 0 0 0 0 2])
  ("variable" .
   [4 0 0 0 1 2 0 0])
  (":artanh2(double a)" .
   [0 0 0 0 0 0 0 0 0 0 0 0 0 0 0 0 0 3])
  ("c" .
   [1])
  ("(double a)" .
   [0 0 0 0 0 0 0 0 0 4])
  ("artanh" .
   [1 0 1 0 1 1])
  ("math_function" .
   [1 0 1 0 3 0 0 0 0 0 0 0 0])
  ("h_bar" .
   [2 0 0 0 0])
  ("I" .
   [5])
  ("(double mu, double xi, double Vt, double Va)" .
   [0 0 0 0 0 0 0 0 0 0 0 0 0 0 0 0 0 0 0 0 0 0 0 0 0 0 0 0 0 0 0 0 0 0 0 0 0 0 0 0 0 0 0 1])
  ("ajoint_equation" .
   [0 0 0 1 0 0 1 0 0 0 0 0 0 0 0])
  ("mu" .
   [12 0])
  ("(double __x)" .
   [0 1 0 0 0 0 0 0 0 0 0 2])
  ("Va" .
   [10 4])
  ("Vt" .
   [10 4])
  ("V" .
   [7])
  ("N" .
   [3])
  ("(double Vt, double Va)" .
   [0 0 0 0 0 0 0 0 0 0 0 0 0 0 0 0 0 0 0 0 0 1])
  ("GP_equation" .
   [0 1 0 0 0 0 0 0 0 0 1])
  ("res" .
   [10 0 0])
  ("conj" .
   [0 0 0 1])
  ("(int l, int *u, int *v, double xi, double eta, int *psi, double *E, double Q2, double P2, double omega)" .
   [0 0 0 0 0 0 0 0 0 0 0 0 0 0 0 0 0 0 0 0 0 0 0 0 0 0 0 0 0 0 0 0 0 0 0 0 0 0 0 0 0 0 0 0 0 0 0 0 0 0 0 0 0 0 0 0 0 0 0 0 0 0 0 0 0 0 0 0 0 0 0 0 0 0 0 0 0 0 0 0 0 0 0 0 0 0 0 0 0 0 0 0 0 0 0 0 0 0 0 0 0 0 1])
  ("anomalous_average" .
   [0 0 0 0 0 0 0 0 0 0 0 0 0 0 0 0 1])
  ("P2" .
   [3 2])
  ("eta" .
   [6 1 2])
  ("Q2" .
   [1 3])
  ("v" .
   [17])
  ("(const complex<_Tp> &__z)" .
   [0 0 0 0 0 0 0 0 0 0 0 0 0 0 0 0 0 0 0 0 0 0 0 0 2])
  ("norm" .
   [1 0 0 1])
  ("std" .
   [2 0 0])
  ("u" .
   [3])
  ("omega" .
   [34 3 0 2 0])
  ("beta" .
   [22 1 1 0])
  ("xi" .
   [21 1])
  ("g" .
   [17])
  ("sqrt" .
   [8 0 2 1])
  ("l" .
   [7])
  ("(int l, int *u, int *v, double xi, double eta, int *psi, double *E)" .
   [0 0 0 0 0 0 0 0 0 0 0 0 0 0 0 0 0 0 0 0 0 0 0 0 0 0 0 0 0 0 0 0 0 0 0 0 0 0 0 0 0 0 0 0 0 0 0 0 0 0 0 0 0 0 0 0 0 0 0 0 0 0 0 0 0 0 1])
  ("thermal_average" .
   [0 0 0 0 0 0 0 1 0 0 0 0 0 0 0])
  ("complex" .
   [4 0 0 0 0 0 1])
  ("self_consistency" .
   [2 0 0 2 7 0 0 0 0 0 0 0 0 0 0 3])
  ("q" .
   [14])
  ("(const char *restrict __format, ...)" .
   [0 0 0 0 0 0 0 0 0 0 0 0 0 0 0 0 0 0 0 0 0 0 0 0 0 0 0 0 0 0 1 0 0 0 0 0])
  ("a" .
   [8])
  ("y" .
   [9])
  ("chunked" .
   [0 0 1 0 0 0 0])
  ("Size" .
   [3 3 2 0])
  ("Brightness" .
   [2 0 0 2 0 0 0 0 0 0])
  ("Mode" .
   [4 0 0 0])
  ("linspace" .
   [1 0 0 0 0 0 0 0])
  ("fftpack" .
   [1 0 0 0 0 0 0])
  ("scipy" .
   [1 0 0 1 0])
  ("dy_dx" .
   [1 0 0 0 0])
  ("Maze" .
   [5 0 0 0])
  ("solveMaze" .
   [0 0 0 1 0 0 0 0 0])
  ("double" .
   [2 0 0 1 2 0])
  ("cdef" .
   [3 0 0 0])
  ("mat" .
   [1 0 0])
  ("eigh" .
   [1 0 0 0])
  ("psi" .
   [1 0 0])
  ("igen_value" .
   [0 0 0 0 1 1 0 0 0 0])
  ("multiprocessing" .
   [0 0 1 0 0 0 0 0 0 0 0 0 0 0 0])
  ("func" .
   [2 0 0 0])
  ("endl" .
   [36 0 0 2])
  ("cout" .
   [19 0 0 0])
  ("iostream" .
   [0 0 1 0 0 0 0 0])
  ("include" .
   [0 0 1 2 1 5 1])
  ("QtGui" .
   [0 0 14 1 2])
  ("QWidget" .
   [0 0 2 2 0 0 0])
  ("__init__" .
   [1 0 0 0 2 0 1 0])
  ("parent" .
   [4 0 0 0 5 0])
  ("self" .
   [24 0 8 9])
  ("setup_ui" .
   [0 0 0 0 3 0 0 0])
  ("QPushButton" .
   [0 0 3 1 0 0 0 0 0 0 0])
  ("selt" .
   [1 0 0 0])
  ("layout" .
   [2 0 1 2 0 0])
  ("stat" .
   [0 0 0 1])
  ("start_button" .
   [0 0 0 0 1 0 0 0 0 0 0 0])
  ("addWidget" .
   [0 0 0 2 1 0 0 0 0])
  ("stop_button" .
   [0 0 0 1 0 0 0 0 0 0 0])
  ("reset_button" .
   [0 0 0 0 0 1 0 0 0 0 0 0])
  ("quit_button" .
   [0 0 0 1 0 0 0 0 0 0 0])
  ("class" .
   [0 0 0 0 1])
  ("QSizePolicy" .
   [0 0 1 0 0 0 0 0 0 0 0])
  ("Expanding" .
   [0 0 0 0 0 1 0 0 0])
  ("QtCore" .
   [0 0 1 0 0 0])
  ("time" .
   [0 0 0 1])
  ("timer" .
   [2 0 0 0 0])
  ("interval" .
   [0 0 0 0 0 0 0 1])
  ("connect" .
   [1 0 0 0 0 0 0])
  ("import" .
   [0 0 2 0 3 0])
  ("sys" .
   [0 0 1])
  ("app" .
   [2 0 0])
  ("__name__" .
   [0 0 1 0 1 0 1 0])
  ("main" .
   [5 0 0 0])
  ("Example" .
   [0 0 0 0 2 0 0])
  ("initUI" .
   [1 0 0 0 0 0])
  ("setWindowTitle" .
   [0 0 0 0 0 0 0 0 1 0 0 0 0 0])
  ("show" .
   [2 0 0 0])
  ("exec_" .
   [0 0 0 1 0])
  ("btn" .
   [4 0 0])
  ("setToolTip" .
   [0 0 0 0 0 0 0 1 0 0])
  ("coding" .
   [3 0 0 0 0 0])
  ("value" .
   [4 0 0 0 0])
  ("flag" .
   [2 0 0 0])
  ("append" .
   [12 0 0 0 0 0])
  ("numpy" .
   [2 0 0 0 0])
  ("spwd" .
   [0 0 1 0])
  ("eye" .
   [2 0 0])
  ("tolist" .
   [1 0 0 0 0 0])
  ("drange" .
   [1 0 0 0 0 0])
  ("plt" .
   [8 0 0])
  ("plot" .
   [3 0 0 0])
  ("ans" .
   [5 0 0])
  ("exp" .
   [5 0 0])
  ("np" .
   [5 0])
  ("dot" .
   [1 0 0])
  ("dxi" .
   [2 0 0])
  ("clock" .
   [1 0 0 1 0])
  ("CLOCKS_PER_SEC" .
   [1 0 0 0 0 0 0 0 0 0 0 0 0 0])
  ("process" .
   [2 0 0 0 0 0 0])
  ("sudo" .
   [1 0 0 0])
  ("python" .
   [1 0 0 0 0 0])
  ("py" .
   [1 0])
  ("tmp" .
   [41 0 0])
  ("write" .
   [2 1 0 0 0])
  ("__main__" .
   [0 0 0 0 0 1 0 0])
  ("num" .
   [6 0 0])
  ("using" .
   [0 0 0 0 1])
  ("namespace" .
   [0 0 0 0 1 0 1 0 0])
  ("ofs" .
   [4 0 0])
  ("gamma" .
   [3 0 0 0 0])
  ("gaussian" .
   [1 0 0 0 0 0 0 0])
  ("str" .
   [2 0 0])
  ("NULL" .
   [1 0 0 0])
  ("nullptr" .
   [0 0 0 0 0 2 0])
  ("vector" .
   [6 0 1 3 0 0])
  ("push_back" .
   [0 0 0 0 1 0 0 0 0])
  ("data" .
   [18 0 0 0])
  ("ptr" .
   [4 0 0])
  ("arr" .
   [8 0 0])
  ("v_itr" .
   [1 0 0 0 0])
  ("itr" .
   [3 0 0])
  ("printf" .
   [6 0 0 1 0 1])
  ("raw_input" .
   [0 0 0 1 0 0 0 0 0])
  ("line" .
   [38 0 0 0])
  ("split" .
   [13 0 0 0 0])
  ("pattern1" .
   [0 0 0 0 0 0 1 0])
  ("input_line" .
   [1 0 0 0 1 0 2 0 0 0])
  ("pattern2" .
   [1 0 0 0 0 0 0 0])
  ("match1" .
   [1 0 0 0 0 1])
  ("index" .
   [11 0 0 0 1])
  ("readline" .
   [9 0 0 0 0 0 4 0])
  ("solve" .
   [2 0 0 0 0])
  ("divisor" .
   [13 0 0 0 4 0 1])
  ("add" .
   [2 0 0])
  ("dividend" .
   [4 0 1 0 0 5 1 2])
  ("tmp1" .
   [1 0 0 0])
  ("tmp2" .
   [13 0 0 0])
  ("setting" .
   [7 0 0 0 0 0 0])
  ("remainder" .
   [4 0 0 0 0 1 0 0 1])
  ("quotient" .
   [2 0 1 2 0 0 0 0])
  ("calculate" .
   [2 0 0 0 0 0 0 0 0])
  ("number" .
   [6 0 0 0 0 0])
  ("princ" .
   [2 0 0 0 0])
  ("print" .
   [2 0 0 0 0])
  ("argv" .
   [1 0 0 1])
  ("setq" .
   [1 0 0 0])
  ("nil" .
   [1 0 0])
  ("sorted" .
   [0 0 0 0 0 1])
  ("f" .
   [24])
  ("close" .
   [1 0 0 0 0])
  ("readlines" .
   [3 0 0 0 0 0 0 0 0])
  ("Data" .
   [35 0 2 0])
  ("read" .
   [4 0 0 1])
  ("pop" .
   [4 0 0])
  ("while" .
   [0 0 0 1 0])
  ("strip" .
   [1 0 0 0 0])
  ("mandrill" .
   [0 0 0 1 0 0 0 0])
  ("ppm" .
   [1 0 0])
  ("utf" .
   [1 0 0])
  ("continue" .
   [0 0 0 0 0 1 0 0])
  ("line1" .
   [1 0 0 0 0])
  ("elem" .
   [1 0 0 0])
  ("rstrip" .
   [4 0 0 0 0 0])
  ("length" .
   [1 0 0 0 0 0])
  ("i" .
   [22])
  ("LAPACK_zsyr" .
   [0 0 1 0 0 0 0 0 0 0 0])
  ("m" .
   [4])
  ("p" .
   [1])
  ("exit" .
   [2 0 0 0])
  ("(int __status)" .
   [0 0 0 0 0 0 0 0 0 0 0 0 0 1])
  ("~math_function" .
   [0 0 0 0 0 0 0 0 0 0 0 0 0 1])
  ("()" .
   [0 2])
  ("log" .
   [0 0 1])
  ("const" .
   [1 0 0 0 0])
  ("pow" .
   [6 0 0])
  ("(double __x, int __i)" .
   [0 1 0 0 0 0 0 0 0 0 0 0 0 0 0 0 0 0 0 0 0])
  (":" .
   [3])
  ("M" .
   [8])
  ("(double xi, double Va)" .
   [0 0 0 0 0 0 0 0 0 0 0 0 0 0 0 0 0 0 0 0 0 3])
  ("I1" .
   [3 2])
  ("artanh2" .
   [1 0 1 0 0 0 2])
  ("La" .
   [2 3])
  ("(double a, double mu, double xi, double Vt)" .
   [0 0 0 0 0 0 0 0 0 0 0 0 0 0 0 0 0 0 0 0 0 0 0 0 0 0 0 0 0 0 0 0 0 0 0 0 0 0 0 0 0 0 3])
  ("I2" .
   [5 0])
  ("L" .
   [18])
  ("function" .
   [1 0 0 1 0 0 0 0])
  ("M_PI" .
   [0 1 1 0])
  ("simpson" .
   [0 0 0 1 0 0 0])
  ("(double a, double b, int n, function f)" .
   [0 0 0 0 0 0 0 0 0 0 0 0 0 0 0 0 0 0 0 0 0 0 0 0 0 0 0 0 0 0 0 0 0 0 0 0 0 0 1])
  ("Ns" .
   [1 0])
  ("(double a, double mu, double xi, double Vt, double Va)" .
   [0 0 0 0 0 0 0 0 0 0 0 0 0 0 0 0 0 0 0 0 0 0 0 0 0 0 0 0 0 0 0 0 0 0 0 0 0 0 0 0 0 0 0 0 0 0 0 0 0 0 0 0 0 1])
  ("Int1" .
   [1 0 0 0])
  ("Int2" .
   [1 0 0 0])
  ("lambda_I1" .
   [0 0 0 0 0 0 1 0 0])
  ("lambda_I2" .
   [0 0 0 0 0 0 0 0 1])
  ("I3" .
   [3 1])
  ("lambda_I3" .
   [1 0 0 0 0 0 0 0 1])
  ("Vt_tmp" .
   [0 1 0 0 0 0])
  ("Va_tmp" .
   [0 1 1 0 0 0])
  ("Vt_flag" .
   [0 0 2 0 0 0 0])
  ("Va_flag" .
   [0 0 4 0 0 0 0])
  ("logstep" .
   [1 0 0 0 1 0 0])
  ("(double min, double max, int step, int s)" .
   [0 0 0 0 0 0 0 0 0 0 0 0 0 0 0 0 0 0 0 0 0 0 0 0 0 0 0 0 0 0 0 0 0 0 0 0 0 0 0 0 1])
  ("ofstream" .
   [2 0 0 0 0 0 0 0])
  ("fout" .
   [2 0 0 0])
  ("bisection" .
   [1 0 0 0 0 0 0 0 0])
  ("ここで" .
   [1 0 0])
  ("varphi" .
   [0 0 0 5 0 0])
  ("rm" .
   [17 0])
  ("ex" .
   [10 0])
  ("begin" .
   [5 0 1 0 0])
  ("eqnarray" .
   [0 0 1 5 2 0 0 1])
  ("end" .
   [4 0 0])
  ("int" .
   [6 0 0])
  ("dagger" .
   [7 0 4 2 1 0])
  ("frac" .
   [23 0 0 0])
  ("rho" .
   [4 0 0])
  ("ket" .
   [7 0 0])
  ("sum" .
   [8 0 0])
  ("bra" .
   [2 0 0])
  ("Pi" .
   [1 0])
  ("prod" .
   [4 0 0 0])
  ("left" .
   [10 0 0 0])
  ("right" .
   [9 0 0 0 1])
  ("neq" .
   [3 0 1])
  ("ln" .
   [4 0])
  ("le" .
   [2 0])
  ("1-e" .
   [2 0 0])
  ("infty" .
   [3 0 0 0 0])
  ("pi" .
   [2 0])
  ("cal" .
   [20 0 0])
  ("ここで粒子数" .
   [0 0 0 2 0 0])
  ("hbar" .
   [3 0 0 0])
  ("bm" .
   [3 0])
  ("label" .
   [1 0 0 0 0])
  ("ref" .
   [2 0 0])
  ("operator" .
   [0 0 0 0 0 1 0 0])
  ("otimes" .
   [1 0 0 0 0 0])
  ("Ia" .
   [2 0])
  ("It" .
   [2 0])
  ("b" .
   [1])
  ("j" .
   [3])
  ("N0" .
   [1 0])
  ("ground_e" .
   [1 0 0 0 1 0 2 1])
  ("foutW" .
   [0 0 0 0 2])
  ("k" .
   [1])
  ("l_flag" .
   [1 1 1 1 0 0])
  ("abs" .
   [1 0 0])
  ("appendix" .
   [0 0 0 0 0 0 0 1])
  ("section" .
   [1 0 0 0 0 0 0])
  ("of" .
   [1 0])
  ("fig4" .
   [1 0 0 0])
  ("DOS" .
   [3 0 0])
  ("integrated" .
   [1 0 0 0 0 0 0 0 0 0])
  ("newpage" .
   [1 0 0 0 0 0 0])
  ("Rb" .
   [1 0])
  ("***" .
   [1 0 0])))
