((("Flip" .
   [1 0 0 0])
  ("std" .
   [1 0 0])
  ("tmp_flip" .
   [1 0 0 0 0 0 0 0])
  ("flip" .
   [1 0 0 0])
  ("rand_flip" .
   [0 0 0 0 0 0 0 0 1])
  ("eps_t" .
   [2 0 0 1 0])
  ("Path" .
   [6 0 4 1])
  ("energy" .
   [5 0 0 0 0 0])
  ("eps_q" .
   [3 0 0 1 2])
  ("rand_time" .
   [1 0 0 0 0 0 0 0 0])
  ("mt" .
   [3 0])
  ("main" .
   [1 0 0 0])
  ("eps_" .
   [2 0 0 0])
  ("N_q" .
   [0 0 1])
  ("Variable" .
   [0 0 1 0 3 0 2 0])
  ("parallel" .
   [1 0 0 0 2 0 0 0])
  ("omp" .
   [3 0 0])
  ("pragma" .
   [0 0 0 0 1 0])
  ("1e4" .
   [2 0 0])
  ("1e6" .
   [5 0 0])
  ("Nadd" .
   [3 0 0 0])
  ("EnergyBefore" .
   [0 0 0 0 0 0 0 1 0 0 0 0])
  ("SetSpin" .
   [1 0 0 0 0 0 0])
  ("乱数の用意" .
   [1 0 0 0 0])
  ("何処のサイトを弄るか" .
   [1 0 0 0 0 0 0 0 0 0])
  ("stdout" .
   [1 0 0 0 0 0])
  ("fflush" .
   [2 0 0 0 0 0])
  ("N" .
   [2])
  ("Nequ" .
   [8 0 4 1])
  ("SetEnergy" .
   [1 0 0 0 1 0 0 1 0])
  ("mag" .
   [6 0 0])
  ("1e3" .
   [4 0 0])
  ("1e5" .
   [11 0 0])
  ("SetMag" .
   [0 0 0 0 1 1])
  ("Output_MC" .
   [0 0 0 0 0 0 0 0 1])
  ("fout_MC" .
   [4 0 0 0 0 0 0])
  ("doubl" .
   [21 0 0 0 0])
  ("coth" .
   [1 0 0 0])
  ("2次元Ising模型" .
   [0 0 0 0 1 0 0 0 1 2])
  ("/fig1" .
   [1 0 0 0 0])
  ("fig1" .
   [1 0 0 0])
  ("EnergyP" .
   [1 0 0 0 0 0 0])
  ("minEnergy" .
   [0 0 0 0 1 0 0 0 0])
  ("f_tmp1" .
   [7 0 0 0 0 0])
  ("f_tmp3" .
   [2 0 0 0 0 0])
  ("f_tmp2" .
   [2 0 0 0 0 0])
  ("Output" .
   [4 0 0 0 0 0])
  ("angle" .
   [19 0 0 0 0])
  ("MonteCalro何回やる？" .
   [2 0 0 0 0 0 0 0 0 0 0 0 0 0 0])
  ("fout2" .
   [2 0 0 0 0])
  ("MonteCarlo" .
   [0 0 0 0 0 0 0 0 0 1])
  ("fout1" .
   [1 0 0 0 0])
  ("minIndex" .
   [0 0 0 1 3 0 0 0])
  ("site" .
   [35 0 2 0])
  ("Energy" .
   [12 0 1 0 3 5])
  ("angleN" .
   [2 0 5 1 0 5])
  ("rand_site" .
   [3 0 0 0 0 1 0 0 1])
  ("tmp_Energy" .
   [2 0 0 0 3 1 1 0 1 1])
  ("tmp_value" .
   [3 0 0 0 0 0 0 0 0])
  ("tmp_y" .
   [6 0 0 0 0])
  ("tmp_x" .
   [7 0 0 0 0])
  ("value" .
   [5 0 0 0 0])
  ("rand_spin" .
   [1 0 0 0 1 0 2 0 0])
  ("spin" .
   [15 0 0 0])
  ("vector" .
   [2 0 0 0 0 0])
  ("SpinElement" .
   [0 0 0 0 0 0 0 1 1 0 0])
  ("Spin" .
   [18 0 0 0])
  ("class" .
   [0 0 0 1 0])
  ("ROHM" .
   [1 0 0 0])
  ("SONY" .
   [2 0 0 0])
  ("jit" .
   [2 0 0])
  ("custom-theme-load-path" .
   [1 0 0 0 0 0 0 0 0 0 0 0 0 0 0 0 0 0 0 0 0 0])
  ("add-to-list" .
   [1 0 0 0 0 0 0 0 0 0 0])
  ("color-theme-solarized" .
   [0 0 0 0 0 1 0 0 0 0 0 0 0 0 0 0 0 0 0 0 0])
  ("comment" .
   [1 0 0 0 0 0 0])
  ("qty" .
   [20 0 0])
  ("m'''" .
   [2 0 0 0])
  ("Bigr" .
   [1 0 0 0])
  ("Bigl" .
   [1 0 0 0])
  ("n'''m'''" .
   [6 0 0 0 0 0 0 0])
  ("n'''" .
   [6 0 0 0])
  ("n''" .
   [1 0 0])
  ("end1" .
   [1 0 0 0])
  ("underline" .
   [5 0 0 1 0 7 0 0 4])
  ("mm''" .
   [3 0 0 0])
  ("beta'" .
   [1 0 0 0 0])
  ("-iHt/" .
   [1 0 0 0 0])
  ("iHt/" .
   [1 0 0 0])
  ("equiv" .
   [1 0 0 0 0])
  ("-i" .
   [7 0])
  ("1cm" .
   [2 0 0])
  ("tau" .
   [3 0 0])
  ("t-t'" .
   [4 0 0 0])
  ("t'" .
   [6 0])
  ("partial" .
   [3 0 0 2 0 1 0])
  ("dx'" .
   [2 0 0])
  ("　　" .
   [1 0])
  ("dx''" .
   [1 0 0 0])
  ("x|n" .
   [1 0 0])
  ("Longleftrightarrow" .
   [0 0 0 0 0 0 0 2 0 0 0 0 0 1 0 0 0 0])
  ("r" .
   [3])
  ("x''" .
   [5 0 0])
  ("x|" .
   [1 0])
  ("について" .
   [1 0 0 0])
  ("cases" .
   [1 0 0 0 0])
  ("となる" .
   [2 0 0])
  ("therefore" .
   [2 0 0 0 0 1 0 0 0])
  ("eps" .
   [1 0 0])
  ("とする" .
   [2 0 0])
  ("したがって" .
   [1 0 0 0 0])
  ("x>x'" .
   [2 0 0 0])
  ("dk'f" .
   [1 0 0 0])
  ("と計算できる" .
   [1 0 0 0 0 0])
  ("k+j" .
   [1 0 0])
  ("lim" .
   [5 0 0])
  ("c-int" .
   [1 0 0 0 0])
  ("z-a" .
   [1 0 0])
  ("i" .
   [16])
  ("ik'" .
   [1 0 0])
  ("epsilon" .
   [2 0 3 4 3 0 3])
  ("rightarrow" .
   [7 0 0 0 0 0 1 0 1 1])
  ("pi" .
   [20 0])
  ("x-x'" .
   [4 0 0 1])
  ("dk'" .
   [2 0 0])
  ("x'" .
   [23 0])
  ("グリーン関数は境界条件の情報を持っている" .
   [0 0 0 0 0 0 0 2 0 0 0 0 0 0 0 0 0 0 0 0])
  ("Green関数" .
   [1 0 0 0 0 0 1])
  ("nn'" .
   [4 0 0])
  ("-1" .
   [3 0])
  ("E-H" .
   [2 0 0])
  ("2x" .
   [1 0])
  ("textbf" .
   [2 0 0 0 0 0])
  ("n=3" .
   [1 0 0])
  ("n=2" .
   [1 0 0])
  ("pm" .
   [2 0])
  ("例えば" .
   [1 0 0])
  ("integration" .
   [0 0 0 0 0 1 0 0 0 0 0])
  ("label" .
   [15 0 0 0 0])
  ("2l+1" .
   [1 0 0 0])
  ("Legendre陪関数" .
   [0 0 0 0 0 0 0 0 1 0 0])
  ("sim" .
   [2 0 0])
  ("cos" .
   [4 0 0])
  ("phi" .
   [2 0 0])
  ("sin" .
   [4 0 0])
  ("theta" .
   [10 0 0 4 0])
  ("int" .
   [28 0 0])
  ("odinger方程式" .
   [0 0 0 0 0 0 0 2 0 2])
  ("これが" .
   [1 0 0])
  ("subsubsection" .
   [3 0 0 0 0 0 0 0 0 0 0 0 0])
  ("infty" .
   [6 0 0 1 0])
  ("inf" .
   [1 0 0])
  ("hbar" .
   [10 0 0 0])
  ("red" .
   [2 0 0])
  ("textcolor" .
   [0 0 0 0 0 0 2 0 0])
  ("dot" .
   [7 0 0])
  ("-------------" .
   [0 0 0 0 0 0 0 0 0 0 0 0 1])
  ("centering" .
   [1 0 0 0 0 0 0 0 1])
  ("position" .
   [1 0 0 0 0 0 0 0])
  ("n+1" .
   [5 0 0])
  ("time" .
   [1 0 0 0])
  ("m" .
   [4])
  ("山中研究室" .
   [2 0 0 0 0])
  ("dagger" .
   [10 0 0 0 0 0])
  ("beta" .
   [21 0 0 0])
  ("bf" .
   [1 0])
  ("証明してみよう" .
   [1 0 0 0 0 0 0])
  ("より" .
   [2 0])
  ("Tr" .
   [4 0])
  ("nonumber" .
   [8 0 0 0 5 4 2 0])
  ("k" .
   [2])
  ("Psi" .
   [14 0 0])
  ("rm" .
   [19 0])
  ("今回は" .
   [1 0 0])
  ("hat" .
   [35 0 0])
  ("aaa" .
   [2 0 0])
  ("である" .
   [5 0 0])
  ("sum" .
   [28 0 0])
  ("rho" .
   [6 0 0])
  ("eqnarray" .
   [3 0 73 8 13 0 0 1])
  ("ここで" .
   [6 0 0])
  ("ということ" .
   [3 0 0 0 0])
  ("の値は" .
   [1 0 0])
  ("Delta" .
   [11 0 0 0 0])
  ("p" .
   [5])
  ("とか" .
   [1 0])
  ("delta" .
   [38 0 0 0 1])
  ("であり" .
   [1 0 0])
  ("bm" .
   [8 0])
  ("とすると" .
   [3 0 0 0])
  ("d" .
   [5])
  ("ket" .
   [69 0 0])
  ("psi" .
   [45 0 0])
  ("bra" .
   [46 0 0])
  ("frac" .
   [82 0 0 0])
  ("braket" .
   [12 0 0 0 0 0])
  ("screen" .
   [1 0 0 0 0 0])
  ("itembox" .
   [2 0 0 0 0 0 0])
  ("mbox" .
   [1 0 0 0])
  ("仮に" .
   [2 0])
  ("ref" .
   [15 0 0])
  ("ただし" .
   [2 0 0])
  ("footnote" .
   [23 0 0 0 4 0 4 0])
  ("また" .
   [6 0])
  ("f" .
   [7])
  ("つまり" .
   [7 0 0])
  ("overline" .
   [0 0 0 0 1 0 0 0])
  ("kappa" .
   [13 0 0 0 0])
  ("tmp_ans" .
   [0 0 0 1 0 0 0])
  ("exp" .
   [11 0 0])
  ("ans_list" .
   [1 0 0 0 0 0 1 0])
  ("N_BAR" .
   [0 0 1 0 0])
  ("KAPPA" .
   [0 0 1 0 1])
  ("EPS" .
   [1 0 0])
  ("ans_before" .
   [0 0 0 2 1 0 0 0 0 1])
  ("appendleft" .
   [1 0 0 0 0 0 0 0 0 0])
  ("popleft" .
   [1 0 0 0 0 0 0])
  ("pop" .
   [1 0 0])
  ("mid" .
   [3 0 0])
  ("counter" .
   [16 0 0 0 0 0 0])
  ("count" .
   [7 0 0 0 0])
  ("mergeSort" .
   [0 0 0 0 0 0 1 0 0])
  ("right" .
   [8 0 0 0 0])
  ("left" .
   [10 0 0 0])
  ("coding" .
   [2 0 0 0 0 0])
  ("np" .
   [3 0])
  ("matrix" .
   [1 0 0 0 0 0])
  ("newpage" .
   [6 0 0 0 0 0 0])
  ("---" .
   [1 0 0])
  ("alpha" .
   [8 0 0 2 0])
  ("section" .
   [13 0 0 0 0 0 0])
  ("linalg" .
   [1 0 0 0 0 0])
  ("2cm" .
   [1 0 0])
  ("hspace" .
   [7 0 1 0 0 0])
  ("b" .
   [5])
  ("itemize" .
   [4 0 0 1 1 4 1])
  ("subsection" .
   [26 0 0 1 0 0 2 0 0 0])
  ("noindent" .
   [1 0 0 0 0 0 1 1])
  ("item" .
   [28 0 0 0])
  ("begin" .
   [109 0 1 0 0])
  ("maxNumber" .
   [0 0 0 0 0 0 1 0 0])
  ("tmp" .
   [13 0 2])
  ("indexNumber" .
   [1 0 0 0 0 0 0 0 0 0 0])
  ("candidate" .
   [3 0 0 0 0 0 0 0 0])
  ("index" .
   [13 0 0 0 0])
  ("support" .
   [10 0 0 0 1 0 0])
  ("split" .
   [2 0 0 0 0])
  ("add-hook" .
   [0 0 0 0 0 0 0 2])
  ("global-set-key" .
   [0 0 0 0 0 0 0 0 0 0 0 0 0 1])
  ("kbd" .
   [1 0 0])
  ("flycheck" .
   [0 0 0 0 0 0 0 1])
  ("python-mode-hook" .
   [0 0 0 0 0 0 0 0 1 0 0 0 0 0 0 0])
  ("lambda" .
   [1 0 0 0 0 0])
  ("require" .
   [2 0 0 0 0 0 0])
  ("auto-complete" .
   [0 0 0 0 1 0 0 0 0 0 0 0 0])
  ("maze" .
   [6 0 0 0])
  ("append" .
   [6 0 0 0 0 0])
  ("solveMaze" .
   [3 0 0 2 0 0 1 0 0])
  ("sample" .
   [1 0 0 0 0 0])
  ("now" .
   [2 0 0])
  ("function" .
   [2 0 0 0 1 0 0 0])
  ("except" .
   [0 0 1 0 0 0])
  ("start" .
   [6 0 0 0 0])
  ("ans" .
   [9 0 0])
  ("Fail" .
   [1 0 0 0])
  ("Symplectic" .
   [0 0 0 0 0 0 1 0 0 0])
  ("write" .
   [1 0 0 0 0])
  ("inputLine" .
   [0 0 0 0 0 0 0 1 0])
  ("yes" .
   [3 0 0])
  ("cost" .
   [3 0 0 0])
  ("perform" .
   [1 0 0 0 0 0 0])
  ("CP1" .
   [1 0 0])
  ("CP2" .
   [1 0 0])
  ("pixelN" .
   [3 0 4 0 0 3])
  ("pixelM" .
   [2 0 1 0 0 0])
  ("ijMax" .
   [0 0 0 1 0])
  ("tmpMat" .
   [2 0 0 1 4 1])
  ("sliceMat" .
   [1 0 0 1 0 0 1 0])
  ("bubbleSort" .
   [1 0 0 0 0 0 0 0 0 0])
  ("g2" .
   [1 0])
  ("setFocusable" .
   [0 0 0 0 1 0 0 0 0 0 0 0])
  ("true" .
   [1 0 0 0])
  ("System" .
   [0 0 0 1 0 0])
  ("out" .
   [1 0 0])
  ("println" .
   [1 0 0 0 0 0 0])
  ("JFrame" .
   [1 0 0 0 0 0])
  ("frame" .
   [3 0 0 0 0])
  ("n+2" .
   [1 0 0])
  ("n+3" .
   [1 0 0])
  ("1+x" .
   [4 0 0])
  ("pylab" .
   [1 0 0 0 0])
  ("plt" .
   [7 0 0])
  ("image" .
   [3 0 0 2 0])
  ("scipy" .
   [1 0 0 0 0])
  ("fftpack" .
   [1 0 0 0 0 1 0])
  ("fftImage" .
   [0 0 0 2 7 0 0 0])
  ("imshow" .
   [1 0 0 0 0 0])
  ("cmap" .
   [1 0 0 0])
  ("dpbra" .
   [3 0 0 0 0])
  ("nm" .
   [8 0])
  ("dpket" .
   [4 0 0 0 0])
  ("n'" .
   [4 0])
  ("n'm'" .
   [3 0 0 0])
  ("tilde" .
   [4 0 0 0 0])
  ("mm'" .
   [3 0 0])
  ("A" .
   [1])
  ("m'" .
   [1 0])
  ("これより" .
   [2 0 0 0])
  ("具体計算" .
   [2 0 0 0])
  ("calK" .
   [2 0 0 0])
  ("dket" .
   [3 0 0 0])
  ("ie" .
   [1 0])
  ("-H" .
   [1 0])
  ("t-s" .
   [2 0 0])
  ("mu" .
   [7 0])
  ("nu" .
   [7 0])
  ("n" .
   [1])
  ("mu'" .
   [8 0 0])
  ("nu'" .
   [5 0 0])
  ("dbra" .
   [1 0 0 0])
  ("bqty" .
   [2 0 0 2])
  ("t" .
   [1])
  ("nn''" .
   [1 0 0 0])
  ("m'm''" .
   [1 0 0 0 0])
  ("m''" .
   [1 0 0])
  ("エネルギー固有状態" .
   [0 0 0 0 0 1 0 0 0])
  ("ということで" .
   [1 0 0 0 0 0])
  ("varphi" .
   [1 0 0 0 0 3])
  ("pbra" .
   [4 0 0 0])
  ("pket" .
   [2 0 0 0])
  ("sqrt" .
   [12 0 0 0])
  ("m-1" .
   [2 0 0])
  ("pqty" .
   [2 0 0 0])
  ("omega" .
   [7 0 0 0 0])
  ("2gn" .
   [1 0 0])
  ("であることを利用して" .
   [1 0 0 0 0 0 0 0 0 0])
  ("また各波動の規格化係数を" .
   [0 0 1 0 0 0 0 0 0 0 0 0])
  ("Depletionは相互作用定数" .
   [0 0 0 0 0 0 0 0 0 0 1 0 0 0 0 0])
  ("variable" .
   [8 0 0 0 0 2 0 1])
  ("print" .
   [0 0 0 1 0])
  ("nil" .
   [1 0 0])
  ("var" .
   [1 0 0])
  ("in" .
   [10 0])
  ("hqp" .
   [11 0 0])
  ("cout" .
   [13 0 0 0])
  ("endl" .
   [21 0 0 0])
  ("q+" .
   [1 0])
  ("M_PI" .
   [8 0 0 0])
  ("fstream" .
   [1 0 0 0 0 0 0])
  ("ofstream" .
   [4 0 1 0 1 0 0 0])
  ("fout" .
   [25 0 0 0])
  ("ガウス関数で初期化" .
   [1 0 0 0 0 0 0 0 0])
  ("f_tmp" .
   [2 0 2 0 2])
  ("k1" .
   [3 0])
  ("k2" .
   [3 0])
  ("ht" .
   [1 0])
  ("TimeEvolution" .
   [0 0 0 0 1 0 0 0 0 0 0 0 0])
  ("SetPlot" .
   [0 0 0 0 1 0 0])
  ("flag" .
   [6 0 0 0])
  ("intNum" .
   [1 0 0 0 2 0])
  ("periodicN" .
   [0 0 0 1 4 0 0 0 0])
  ("q+a" .
   [1 0 0])
  ("fbox" .
   [19 0 0 0])
  ("補題2" .
   [2 0 0])
  ("wigner-moyal2" .
   [0 0 0 1 0 0 1 0 0 0 0 0 0])
  ("W" .
   [1])
  ("Wigner関数" .
   [0 0 0 0 0 0 0 1])
  ("を用意する" .
   [1 0 0 0 0])
  ("wigner" .
   [1 0 0 0 0 0])
  ("harmonic" .
   [0 0 0 0 0 1 0 0])
  ("0W" .
   [1 0])
  ("equiliblium" .
   [0 0 0 0 2 0 0 0 0 0 1])
  ("1次元Ising模型の厳密解" .
   [0 0 0 1 2 0 0 0 0 0 0 0 1 0])
  ("これを" .
   [3 0 0])
  ("l" .
   [1])
  ("Ising2" .
   [0 0 0 1 0 0])
  ("に代入" .
   [1 0 0])
  ("eff" .
   [6 0 0])
  ("5cm" .
   [2 0 0])
  ("cosh" .
   [2 0 0 0])
  ("cdots" .
   [7 0 0 0 0])
  ("1次元Ising模型" .
   [0 0 0 0 0 0 0 0 0 1])
  ("問3" .
   [1 0])
  ("問4" .
   [1 0])
  ("伝搬関数は" .
   [1 0 0 0 0])
  ("-iH" .
   [1 0 0])
  ("に分割する" .
   [1 0 0 0 0])
  ("prod" .
   [2 0 0 0])
  ("とし" .
   [1 0])
  ("dq" .
   [7 0])
  ("I-1" .
   [2 0 0])
  ("N-2" .
   [1 0 0])
  ("以下では" .
   [2 0 0 0])
  ("dp" .
   [2 0])
  ("の固有状態" .
   [2 0 0 0 0])
  ("I+1" .
   [1 0 0])
  ("-q" .
   [1 0])
  ("dt" .
   [4 0])
  ("であることから" .
   [1 0 0 0 0 0 0])
  ("cal" .
   [10 0 0])
  ("2m" .
   [5 0])
  ("h" .
   [1])
  ("と呼ぶ" .
   [2 0 0])
  ("と書ける" .
   [1 0 0 0])
  ("x" .
   [1])
  ("dx" .
   [6 0])
  ("f-t" .
   [1 0 0])
  ("FreePropagator" .
   [0 0 0 0 1 0 0 1 0 0 0 0 0 0])
  ("を用いて" .
   [1 0 0 0])
  ("FreePacket" .
   [0 0 0 0 0 0 1 0 0 0])
  ("Lab" .
   [1 0 0])
  ("DevelopedFreeWavePacket" .
   [0 0 0 0 0 0 1 0 0 0 0 0 0 0 0 0 0 0 0 0 0 0 0])
  ("と書く" .
   [1 0 0])
  ("F" .
   [1])
  ("Feynman" .
   [3 0 0 0 0 0 0])
  ("t>0" .
   [1 0 0])
  ("数値計算" .
   [1 0 0 0])
  ("j+1" .
   [1 0 0])
  ("N+1" .
   [3 0 0])
  ("FeynmanPropagator" .
   [0 0 0 0 1 0 0 0 0 0 0 0 0 0 0 0 0])
  ("x-x" .
   [1 0 0])
  ("a+b" .
   [1 0 0])
  ("を用いる" .
   [1 0 0 0])
  ("Gauss" .
   [1 0 0 0 0])
  ("を証明せよ" .
   [1 0 0 0 0])
  ("cfrac" .
   [1 0 0 0 0])
  ("s" .
   [3])
  ("xi" .
   [1 0])
  ("さらに" .
   [1 0 0])
  ("となり" .
   [1 0 0])
  ("これで" .
   [1 0 0])
  ("vdots" .
   [1 0 0 0 0])))
